WSF
0	0
0.02	0
0.04	0
0.06	0
0.08	0
0.1	0
0.12	0
0.14	0
0.16	0
0.18	0
0.2	0
0.22	0
0.24	0
0.26	0
0.28	0
0.3	3.20E-63
0.32	6.66E-07
0.34	1.07E-05
0.36	5.40E-05
0.38	0.000170596
0.4	0.000416493
0.42	0.00086364
0.44	0.0016
0.46	0.002729529
0.48	0.004372178
0.5	0.00666389
0.52	0.009756601
0.54	0.013818242
0.56	0.019032736
0.58	0.0256
0.6	0.033735943
0.62	0.04367247
0.64	0.055657476
0.66	0.069954852
0.68	0.086844481
0.7	0.106622241
0.72	0.1296
0.74	0.156105623
0.76	0.186482965
0.78	0.221091878
0.8	0.260308205
0.82	0.304523782
0.84	0.354146439
0.86	0.4096
0.88	0.471324282
0.9	0.539775094
0.92	0.61542424
0.94	0.698759517
0.96	0.790284715
0.98	0.890519617
1	1 /
--Note: For accurate equilibration, the entry pressure for 100% water needs to be zero. Then bump it up to a fixed value (not sure what curves you want to use here) at saturation of 0.001. If you put a non-zero value for the first entry it throws the equilibration off (this is a bug with Eclipse that I found)
-- This original Pc curve below is for 500md domain permeability

GSF
0 0 0
0.02 4.6e-05 0.00083512
0.04 0.00036252 0.0035801
0.06 0.0012055 0.0062016
0.08 0.0028148 0.0086936
0.1 0.0054144 0.011216
0.12 0.0092122 0.013838
0.14 0.0144 0.016627
0.16 0.021154 0.019634
0.18 0.029634 0.022907
0.2 0.039983 0.026515
0.22 0.052331 0.030524
0.24 0.066788 0.035016
0.26 0.083451 0.040094
0.28 0.1024 0.045873
0.3 0.1237 0.052529
0.32 0.14739 0.060237
0.34 0.17352 0.069265
0.36 0.20209 0.079946
0.38 0.23311 0.092698
0.4 0.26656 0.10815
0.42 0.3024 0.1271
0.44 0.34059 0.15066
0.46 0.38107 0.18047
0.48 0.42376 0.21888
0.5 0.46855 0.26949
0.52 0.51535 0.33806
0.54 0.56401 0.43368
0.56 0.6144 0.57222
0.58 0.66636 0.78292
0.6 0.7197 1.1232
0.62 0.77424 1.7203
0.64 0.82978 2.897
0.66 0.88608 5.6713
0.68 0.9429 14.6062
0.7 1 73.6239
/